
### All fixed value ###

# Harp seal
observed_LoD_Fseal_1985 <- 3.848621
observed_LoD_Fseal_2013 <- 8.467701
observed_LoD_Fseal_2020_2J3K <- 8.24634
observed_LoD_Fseal_2020_3LNO <- 9.351435
observed_LoD_Fseal_2020_2J3K_3LNO <- 8.801975
observed_LoD_Fseal_2020_2J3K_80_20 <- 3.151116
observed_LoD_Fseal_2020_3LNO_80_20 <- 25.3221
observed_LoD_Fseal_2020_2J3K_3LNO_80_20 <- 8.579452

# Cod
observed_LoD_Fcod_1985 <- 12.11766
observed_LoD_Fcod_2013 <- 3.29864
observed_LoD_Fcod_2020_2J3K <- 1.023836
observed_LoD_Fcod_2020_3LNO <- 6.856205
observed_LoD_Fcod_2020_2J3K_3LNO <- 2.369551
observed_LoD_Fcod_2020_2J3K_80_20 <- 1.077527
observed_LoD_Fcod_2020_3LNO_80_20 <- 6.264499
observed_LoD_Fcod_2020_2J3K_3LNO_80_20 <- 2.26801

# Capelin
observed_LoD_Fcapelin_1985 <- 0.5763252
observed_LoD_Fcapelin_2013 <- 0.7786381
observed_LoD_Fcapelin_2020_2J3K <- 0.3326617
observed_LoD_Fcapelin_2020_3LNO <- 0.450221
observed_LoD_Fcapelin_2020_2J3K_3LNO <- 0.3978476
observed_LoD_Fcapelin_2020_2J3K_80_20 <- 0.3350392
observed_LoD_Fcapelin_2020_3LNO_80_20 <- 0.4461718
observed_LoD_Fcapelin_2020_2J3K_3LNO_80_20 <- 0.3966598

size_area_2J3K <- 237600 # Km2
size_area_3LNO <- 257400 # Km2
